                       Overall    A_adsorption_fwd_HexLattice    A_adsorption_rev_HexLattice    B_adsorption_fwd_HexLattice    B_adsorption_rev_HexLattice         A*_diff_fwd_HexLattice         A*_diff_rev_HexLattice 2A*_association_fwd_NiPt_top_f 2A*_association_rev_NiPt_top_f
configuration                    1                    0         0.0000000000000000E+00
        0.0000000000000000E+00         0.0000000000000000E+00         0.0000000000000000E+00         0.0000000000000000E+00         0.0000000000000000E+00         0.0000000000000000E+00         0.0000000000000000E+00         0.0000000000000000E+00         0.0000000000000000E+00
                   0                    0                    0                    0                    0                    0                    0                    0                    0
configuration                    2                 5000         4.8848285565130554E+03
        9.7696571130261112E-01         9.7643969045402412E-01         1.0192239117187485E+00         0.0000000000000000E+00         0.0000000000000000E+00         9.6836316334467809E-01         9.4428602904797498E-01         0.0000000000000000E+00         0.0000000000000000E+00
                5000                 1243                 1241                    0                    0                 1264                 1252                    0                    0
configuration                    3                10000         9.8427502197520189E+03
        9.8427502197520189E-01         1.0100083239162565E+00         1.0217894677408423E+00         0.0000000000000000E+00         0.0000000000000000E+00         9.5767419652542118E-01         9.4841444876490344E-01         0.0000000000000000E+00         0.0000000000000000E+00
               10000                 2486                 2476                    0                    0                 2571                 2467                    0                    0
configuration                    4                15000         1.4666729286867934E+04
        9.7778195245786226E-01         1.0096812281033591E+00         1.0175761940306796E+00         0.0000000000000000E+00         0.0000000000000000E+00         9.4840124323396702E-01         9.3585307715935961E-01         0.0000000000000000E+00         0.0000000000000000E+00
               15000                 3733                 3733                    0                    0                 3846                 3688                    0                    0
configuration                    5                20000         1.9497271067919748E+04
        9.7486355339598740E-01         1.0036817817975532E+00         1.0146743665312117E+00         0.0000000000000000E+00         0.0000000000000000E+00         9.5136187290822172E-01         9.3031039402463844E-01         0.0000000000000000E+00         0.0000000000000000E+00
               20000                 4977                 4971                    0                    0                 5060                 4992                    0                    0
configuration                    6                25000         2.4343356359449201E+04
        9.7373425437796801E-01         1.0022202943586753E+00         1.0128413407363961E+00         0.0000000000000000E+00         8.8559318101033568E-08         9.4951096051359107E-01         9.3031392066519525E-01         7.5152375675315852E-01         0.0000000000000000E+00
               25000                 6259                 6245                    0                    1                 6312                 6182                    1                    0
configuration                    7                30000         2.9184634123460666E+04
        9.7282113744868892E-01         1.0013682885674631E+00         1.0096903622585773E+00         0.0000000000000000E+00         6.7337168729864061E-08         9.4337471616701329E-01         9.3711593554932104E-01         6.1517666979671048E-01         0.0000000000000000E+00
               30000                 7507                 7497                    0                    2                 7548                 7444                    2                    0
configuration                    8                35000         3.4278583280930034E+04
        9.7938809374085811E-01         1.0128330074872800E+00         1.0064904168946407E+00         0.0000000000000000E+00         5.0461191373566784E-08         9.5283491352979621E-01         9.4549410843181048E-01         9.9385168553635594E-01         0.0000000000000000E+00
               35000                 8768                 8754                    0                    3                 8799                 8673                    3                    0
configuration                    9                40000         3.8947790840044632E+04
        9.7369477100111579E-01         1.0129438497270757E+00         9.9801769721096589E-01         0.0000000000000000E+00         5.0461191373566784E-08         9.4312481033665641E-01         9.4058476887755316E-01         9.9385168553635594E-01         0.0000000000000000E+00
               40000                10029                10026                    0                    3                10059                 9880                    3                    0
configuration                   10                45000         4.3880340960773035E+04
        9.7511868801717860E-01         1.0133287136930815E+00         9.9859581230459116E-01         0.0000000000000000E+00         5.0461191373566784E-08         9.4505752198962922E-01         9.4369279296849229E-01         9.9385168553635594E-01         0.0000000000000000E+00
               45000                11248                11258                    0                    3                11345                11143                    3                    0
configuration                   11                50000         4.8636245315578009E+04
        9.7272490631156017E-01         1.0097822123357953E+00         9.9555383689006494E-01         0.0000000000000000E+00         5.0461191373566784E-08         9.4465623660422460E-01         9.4145785841303886E-01         9.9385168553635594E-01         0.0000000000000000E+00
               50000                12460                12467                    0                    3                12595                12472                    3                    0
configuration                   12                55000         5.3397641329390397E+04
        9.7086620598891626E-01         1.0061993199458208E+00         9.9059321175598614E-01         0.0000000000000000E+00         5.0461191373566784E-08         9.4402972910875105E-01         9.4301890064424410E-01         9.9385168553635594E-01         0.0000000000000000E+00
               55000                13729                13723                    0                    3                13862                13680                    3                    0
configuration                   13                60000         5.8137939024441293E+04
        9.6896565040735494E-01         1.0062804117861031E+00         9.8647203392421701E-01         0.0000000000000000E+00         4.4681655708700418E-08         9.4339635545452405E-01         9.4038710961051164E-01         8.4815040739613323E-01         0.0000000000000000E+00
               60000                14950                14934                    0                    4                15122                14986                    4                    0
configuration                   14                65000         6.2999917544912452E+04
        9.6922950069096081E-01         1.0084159018030012E+00         9.8821530412133773E-01         0.0000000000000000E+00         4.4681655708700418E-08         9.4102191039745187E-01         9.3990155770286754E-01         8.4815040739613323E-01         0.0000000000000000E+00
               65000                16198                16192                    0                    4                16380                16222                    4                    0
configuration                   15                70000         6.7907181121424015E+04
        9.7010258744891453E-01         1.0089190927795184E+00         9.9032024428427190E-01         0.0000000000000000E+00         4.4681655708700418E-08         9.3995801710637028E-01         9.4194485303246944E-01         8.4815040739613323E-01         0.0000000000000000E+00
               70000                17434                17419                    0                    4                17664                17475                    4                    0
configuration                   16                75000         7.2776856309429495E+04
        9.7035808412572655E-01         1.0080562988047777E+00         9.9084448085353416E-01         0.0000000000000000E+00         4.4681655708700418E-08         9.3988093699185593E-01         9.4326498420023674E-01         8.4815040739613323E-01         0.0000000000000000E+00
               75000                18689                18688                    0                    4                18887                18728                    4                    0
configuration                   17                80000         7.7503052989497883E+04
        9.6878816236872356E-01         1.0039751516934869E+00         9.9397798663471226E-01         0.0000000000000000E+00         4.4681655708700418E-08         9.3815768643226360E-01         9.3977957505717546E-01         8.4815040739613323E-01         0.0000000000000000E+00
               80000                19910                19915                    0                    4                20151                20016                    4                    0
configuration                   18                85000         8.2263253463305329E+04
        9.6780298192123915E-01         1.0016509004937604E+00         9.9323681469995384E-01         0.0000000000000000E+00         4.4681655708700418E-08         9.3809672038307379E-01         9.3911554983981238E-01         8.4815040739613323E-01         0.0000000000000000E+00
               85000                21130                21120                    0                    4                21457                21285                    4                    0
configuration                   19                90000         8.7111282728352860E+04
        9.6790314142614287E-01         1.0018143511148754E+00         9.9441428809303456E-01         0.0000000000000000E+00         4.4681655708700418E-08         9.3737099414180058E-01         9.3901574893194462E-01         8.4815040739613323E-01         0.0000000000000000E+00
               90000                22353                22340                    0                    4                22712                22587                    4                    0
configuration                   20                95000         9.1999095355726662E+04
        9.6841153006028069E-01         1.0031430741812835E+00         9.9351662626814508E-01         0.0000000000000000E+00         4.4681655708700418E-08         9.3639392411705746E-01         9.4141022809667996E-01         8.4815040739613323E-01         0.0000000000000000E+00
               95000                23636                23609                    0                    4                23929                23818                    4                    0
configuration                   21               100000         9.7121507558536759E+04
        9.7121507558536757E-01         1.0065961166342667E+00         9.9689897585005760E-01         0.0000000000000000E+00         4.4681655708700418E-08         9.3795219486679693E-01         9.4423138447273314E-01         8.4815040739613323E-01         0.0000000000000000E+00
              100000                24871                24865                    0                    4                25182                25074                    4                    0
configuration                   22               105000         1.0201370982771073E+05
        9.7155914121629261E-01         1.0077154832108264E+00         9.9740041508922417E-01         0.0000000000000000E+00         4.4681655708700418E-08         9.3858501858675758E-01         9.4342615126800522E-01         8.4815040739613323E-01         0.0000000000000000E+00
              105000                26095                26096                    0                    4                26445                26356                    4                    0
configuration                   23               110000         1.0697259552373448E+05
        9.7247814112485886E-01         1.0075237918448388E+00         9.9884830341394082E-01         0.0000000000000000E+00         4.4681655708700418E-08         9.3823439540583775E-01         9.4617917281891495E-01         8.4815040739613323E-01         0.0000000000000000E+00
              110000                27345                27337                    0                    4                27719                27591                    4                    0
configuration                   24               115000         1.1188258746285582E+05
        9.7289206489439850E-01         1.0084529304614529E+00         1.0000703995995586E+00         0.0000000000000000E+00         4.1490420699119572E-08         9.3756883163330174E-01         9.4641394667042311E-01         7.1331112151310661E-01         0.0000000000000000E+00
              115000                28591                28578                    0                    5                28973                28848                    5                    0
configuration                   25               120000         1.1665165900863607E+05
        9.7209715840530053E-01         1.0072709473664898E+00         9.9934513981395756E-01         0.0000000000000000E+00         4.1490420699119572E-08         9.3827945542957802E-01         9.4458471880831951E-01         7.1331112151310661E-01         0.0000000000000000E+00
              120000                29804                29771                    0                    5                30324                30091                    5                    0
configuration                   26               125000         1.2152288983883761E+05
        9.7218311871070084E-01         1.0090569681421775E+00         9.9818512279576266E-01         0.0000000000000000E+00         4.1490420699119572E-08         9.3823699991436338E-01         9.4423649795321130E-01         7.1331112151310661E-01         0.0000000000000000E+00
              125000                31061                31047                    0                    5                31524                31358                    5                    0
configuration                   27               130000         1.2655714451760260E+05
        9.7351649628925074E-01         1.0099406430913438E+00         9.9802303994404495E-01         0.0000000000000000E+00         4.1490420699119572E-08         9.4013628244704339E-01         9.4680304263647996E-01         7.1331112151310661E-01         0.0000000000000000E+00
              130000                32327                32326                    0                    5                32720                32617                    5                    0
configuration                   28               135000         1.3124683989514838E+05
        9.7219881403813613E-01         1.0097302314388918E+00         9.9530260770568046E-01         0.0000000000000000E+00         4.1490420699119572E-08         9.3880190546145570E-01         9.4587659836831717E-01         7.1331112151310661E-01         0.0000000000000000E+00
              135000                33547                33542                    0                    5                34002                33899                    5                    0
configuration                   29               140000         1.3597566487579871E+05
        9.7125474911284793E-01         1.0079855121641581E+00         9.9495383481828248E-01         0.0000000000000000E+00         4.1490420699119572E-08         9.3783572033672047E-01         9.4520225603715680E-01         7.1331112151310661E-01         0.0000000000000000E+00
              140000                34773                34771                    0                    5                35273                35173                    5                    0
configuration                   30               145000         1.4085416667039355E+05
        9.7140804600271413E-01         1.0093962269035608E+00         9.9458533301473651E-01         0.0000000000000000E+00         4.1490420699119572E-08         9.3755587669031604E-01         9.4486306943606324E-01         7.1331112151310661E-01         0.0000000000000000E+00
              145000                36074                36067                    0                    5                36457                36392                    5                    0
